4,3
4,2
4,1
4,0
3,6
3,5
3,4
3,3
3,2
3,1
3,0
2,4
2,3
2,2
2,1
2,0
1,3
1,2
1,1
1,0
0,243
69,255
70,10
70,4
70,1
70,5
70,3
70,0
69,299
69,368
69,245
69,156
69,1
69,362
69,3
0,381
69,0
0,9
0,310
0,305
0,308
0,304
0,303
0,302
0,307
0,12
0,352
0,10
0,8
0,0
0,419
0,300
0,396
0,299
0,340
0,298
0,424
0,297
0,360
0,296
0,422
0,295
0,333
0,294
0,316
0,293
0,385
0,292
0,412
0,291
0,435
0,290
0,330
0,289
0,323
0,288
0,437
0,287
0,447
0,286
0,402
0,285
0,284
0,328
0,283
0,410
0,282
0,446
0,281
0,399
0,280
0,400
0,279
0,358
0,278
0,416
0,277
0,436
0,276
0,368
0,275
0,417
0,274
0,346
0,273
0,434
0,272
0,334
0,271
0,395
0,270
0,343
0,269
0,431
0,268
0,439
0,267
0,321
0,266
0,445
0,265
0,397
0,264
0,367
0,263
0,375
0,262
0,351
0,261
0,392
0,260
0,425
0,259
0,332
0,258
0,371
0,257
0,349
0,256
0,319
0,255
0,393
0,254
0,348
0,253
0,438
0,252
0,309
0,251
0,444
0,250
0,313
0,249
0,341
0,248
0,363
0,247
0,306
0,246
0,429
0,245
0,423
0,244
0,350
0,242
0,405
0,241
0,403
0,240
0,311
0,239
0,329
0,238
0,355
0,237
0,372
0,236
0,312
0,235
0,325
0,234
0,373
0,233
0,353
0,232
0,432
0,231
0,382
0,230
0,411
0,229
0,342
0,228
0,301
0,227
0,433
0,226
0,369
0,225
0,365
0,224
0,337
0,223
0,390
0,222
0,401
0,221
0,378
0,220
0,354
0,219
0,338
0,218
0,389
0,217
0,443
0,216
0,326
0,215
0,317
0,214
0,364
0,213
0,406
0,212
0,324
0,211
0,407
0,210
0,428
0,209
0,409
0,208
0,413
0,207
0,441
0,206
0,421
0,205
0,418
0,204
0,315
0,203
0,440
0,202
0,394
0,201
0,344
0,200
0,357
